1344
1344
1344
1344
1344
1344
1344
1344
1344
1344
1344
1344
1344
1344
1344
1344
1344
1344
1334
1324
1344
1344
1344
1344
1344
1344
1344
1344
1344
1344
1344
1344
1344
1344
1344
1344
1344
1344
1344
1344
1344
1344
1344
1344
1344
1344
1344
1344
1344
1344
1344
1344
1344
1344
1344
1344
1344
1344
1344
1344
1344
1344
1344
1344
1344
1344
1344
1344
1344
1344
1344
1344
1344
1344
1344
1344
1344
1344
1344
1344
1344
1344
1344
1344
1344
1344
1344
1344
1344
1344
1344
1344
1344
1344
1288
1344
1344
1344
1344
1344
1344
1344
1344
1344
1344
1344
1344
1344
1344
1344
1344
1344
1344
1344
1344
1344
1344
1344
1344
1344
1344
1344
1344
1344
1344
1344
1344
1344
1344
1344
1344
1344
1344
1344
1344
1344
1344
1344
1344
1344
1344
1344
1344
1344
1344
1344
1344
1344
1344
1344
1344
1344
1344
1344
1344
1344
1344
1344
1344
1344
1344
1344
1344
1344
1344
1344
1344
1344
1344
1344
1344
1344
1344
1378
1346
1344
1344
1344
1344
1344
605
1344
1344
1344
1344
1344
1344
1344
1344
1344
1344
1344
1344
1344
1344
1344
1344
1344
1344
1344
1344
1344
1344
1344
1344
1344
1344
1344
1344
1344
1344
1344
1344
1344
1344
1344
1344
1344
1344
1344
1344
1120
1344
1344
1344
1344
1344
1344
1344
1344
1344
1344
1344
1344
1344
1344
1344
1344
1344
48302
79676
79680
79680
79674
79680
79680
79680
79680
79680
79680
79680
79680
79680
79680
79680
79680
79680
79680
79680
79680
79680
79680
79680
79680
79680
79680
79680
79680
79680
79680
79680
79680
79614
79544
79679
79680
79680
79680
79680
79680
79680
79680
79605
79676
79680
79680
79680
79680
79680
79680
79680
79680
79680
79680
79680
79680
79680
83000
79680
79680
79680
79680
79680
79680
79674
79680
79680
79680
79680
79680
79680
79680
79680
79680
79680
79680
79680
79680
79680
79680
79680
79680
78386
79680
79680
79680
79680
79680
79680
79680
79680
79680
79680
79680
79674
79513
79676
79680
79680
79680
79680
79680
79680
79680
79680
79680
79680
65096
79680
79680
79680
79680
79680
79680
79680
79680
79680
79680
79680
79680
79680
79680
79680
79680
79680
79674
79680
79680
79680
79680
79680
79680
79680
79680
79680
79680
79680
79680
79680
79680
79680
79680
79680
79680
79680
79680
79680
79605
79676
79163
79676
79680
79680
79680
79680
79680
79680
79680
79680
79680
79680
79680
79680
79680
79680
79680
79680
79680
79680
79680
79680
79680
79680
79680
79680
79680
79680
79680
79680
79680
79680
79680
79680
79680
79680
79680
79680
79680
79680
79680
79680
79680
79680
79680
79680
79680
79680
79680
79517
79605
79676
79680
79680
79680
79680
79680
79680
79680
79604
79676
79680
79680
38756
1345
1344
1344
1344
1344
1288
880
310
290
288
288
288
288
321
290
288
288
288
288
288
288
288
288
288
288
288
288
335
290
288
288
288
288
288
288
288
288
288
288
288
288
288
288
288
288
288
288
288
288
288
288
288
288
288
288
288
275
288
288
288
288
288
288
288
288
288
288
288
288
288
288
288
288
288
288
288
288
154