	15	
	14.6	
	14.3	
	13.1	
	12.6	
	11.8	
	11	
	10.2	
	11.5	
	14.2	
	16.3	
	18	
	20	
	21.1	
	22.4	
	23.6	
	24	
	23.6	
	21.4	
	19.3	
	16.8	
	15.4	
	14.3	
	13.3	
	13.1	
	13.1	
	13.2	
	13.3	
	13	
	12.7	
	12.4	
	12.2	
	12.2	
	12.9	
	14.4	
	16.5	
	18.4	
	20.3	
	21.6	
	21.9	
	22.2	
	22.4	
	20.8	
	18.8	
	17.5	
	17.8	
	16.8	
	16.5	
	14.9	
	13.9	
	13.5	
	13.6	
	13	
	12.2	
	11.9	
	11.2	
	12.4	
	16	
	16.9	
	18.3	
	18.8	
	19.9	
	20.3	
	21.3	
	21.4	
	20.8	
	19.5	
	18.3	
	17.7	
	16.7	
	15.7	
	14.7	
	13.6	
	13.8	
	12.9	
	11.5	
	10.6	
	10.2	
	9.6	
	9.6	
	10.3	
	11.4	
	12.4	
	14.7	
	16.4	
	17.5	
	17.3	
	17.5	
	16.3	
	16.3	
	14	
	12.9	
	13	
	12.5	
	11.9	
	11.1	
	10.4	
	10.1	
	9.6	
	8.9	
	8.4	
	8.7	
	8.5	
	8.1	
	9.9	
	13.3	
	15.3	
	16.3	
	17.2	
	18.6	
	19	
	19.9	
	20.4	
	20.2	
	18.2	
	16	
	14.9	
	13.7	
	13.5	
	12.4	
	12.2	
	12.6	
	12.6	
	10.6	
	9.2	
	7.9	
	7.3	
	7.1	
	10	
	14.6	
	16	
	17.4	
	17.8	
	19.1	
	20	
	20.4	
	20.3	
	19.4	
	16.9	
	15.2	
	14.6	
	13.9	
	13.4	
	11.8	
	10.9	
	9.6	
	8.7	
	8.8	
	7.9	
	7.2	
	6.8	
	6.3	
	8.7	
	12.7	
	14.4	
	15.8	
	17	
	18.7	
	19	
	19.6	
	19.6	
	19.3	
	16.9	
	15.4	
	13.7	
	12.4	
	11.3	
	10.3	
	9.2	
	8.3	
	7.4	
	6.9	
	6.5	
	6.3	
	6.2	
	6.4	
	9.5	
	12.7	
	14.6	
	16.7	
	18.7	
	19.6	
	20.6	
	21.4	
	20.3	
	19.1	
	17.9	
	16	
	14.4	
	12.7	
	12	
	10.6	
	9.4	
	8.7	
	8.3	
	7.2	
	5.9	
	6.2	
	5.3	
	4.6	
	7.4	
	11.3	
	13.8	
	15.6	
	18.3	
	20.6	
	21.3	
	21.2	
	21.5	
	18.6	
	16.2	
	15.4	
	14.8	
	13.7	
	12.6	
	12.3	
	12.2	
	11.8	
	11.3	
	10.8	
	10.8	
	10.3	
	10.2	
	9.9	
	10.3	
	11.3	
	13.6	
	14.9	
	15.1	
	17.1	
	17.9	
	18.9	
	18.6	
	18.7	
	17.3	
	16.3	
	14.9	
	13.5	
	12.2	
	10.3	
	9.4	
	8.2	
	8.2	
	6.6	
	6.1	
	5.6	
	5.3	
	5.6	
	7.6	
	13.1	
	14.4	
	16.5	
	18.8	
	20.2	
	21.1	
	21.2	
	20.8	
	18.4	
	16.2	
	15.1	
	13.9	
	12.4	
	11.1	
	10.3	
	10.2	
	8.9	
	8.3	
	8	
	7.4	
	6.9	
	7.2	
	7.1	
	8.3	
	11.1	
	13.1	
	14.2	
	15.2	
	16.3	
	16.5	
	16.8	
	16.8	
	17.1	
	16.3	
	14.7	
	14	
	13.7	
	13.2	
	12.3	
	11.8	
	11.5	
	11	
	11.7	
	11.4	
	12.1	
	10.7	
	9	
	8.2	
	7.7	
	7.5	
	8.2	
	8.8	
	9.5	
	9.4	
	9.9	
	10.4	
	10.8	
	10.1	
	9.4	
	9.3	
	9.2	
	9.2	
	9.1	
	8.5	
	8.5	
	8.2	
	8.4	
	8.6	
	8.2	
	8.2	
	8.7	
	9.6	
	13.4	
	16.1	
	15.8	
	17.3	
	18.7	
	19.5	
	19.4	
	18	
	17.6	
	16.6	
	15.4	
	14.1	
	12.7	
	12	
	10.2	
	8.8	
	8	
	7.1	
	6.9	
	6.8	
	6.4	
	6.1	
	5.1	
	7.7	
	11.9	
	14.2	
	16.2	
	18.1	
	19.8	
	21.1	
	21.8	
	22.2	
	20.7	
	19.4	
	17.6	
	15.2	
	13	
	10.9	
	9.6	
	8.9	
	7.5	
	6.4	
	5.6	
	5.8	
	5.7	
	6.9	
	6.1	
	7	
	9.6	
	12	
	13.9	
	16	
	18.4	
	18.6	
	18.7	
	18.9	
	18.3	
	16.4	
	14.3	
	13.3	
	11.7	
	11.8	
	10.9	
	10.7	
	9.6	
	8.6	
	7.6	
	6.7	
	5.3	
	4.5	
	4.3	
	5.3	
	8.6	
	11.8	
	14.7	
	17.3	
	19.6	
	22.2	
	22.9	
	22.9	
	22.9	
	19.7	
	16.9	
	15.8	
	14.3	
	11.6	
	10.4	
	9.2	
	8	
	7.2	
	6.3	
	6.4	
	5.8	
	5.5	
	4.8	
	7.3	
	11.9	
	14.1	
	16.3	
	17.5	
	19.1	
	19.9	
	20.9	
	21.1	
	19.7	
	18.3	
	15.4	
	13.5	
	11.9	
	11.1	
	10.1	
	9.8	
	9.6	
	8.9	
	8.3	
	7.7	
	6.4	
	5.7	
	5.6	
	6.9	
	9.7	
	10.9	
	12.9	
	14.3	
	15.3	
	16.7	
	17.3	
	17.2	
	17.3	
	16.7	
	14.9	
	14.3	
	13.9	
	12.6	
	12.1	
	11.6	
	11	
	10.4	
	9.6	
	9.1	
	8.3	
	8.1	
	8.3	
	8.8	
	11.3	
	12.6	
	14.8	
	16.1	
	17.1	
	17.2	
	18.4	
	19.2	
	19.1	
	17.8	
	15.9	
	15	
	14.1	
	12.4	
	11.2	
	11	
	9.2	
	8.6	
	7.9	
	6.6	
	6.3	
	6.5	
	5.6	
	8.1	
	11.8	
	14	
	16.1	
	17.8	
	19	
	20.4	
	21.7	
	21.8	
	21.9	
	20.4	
	17.4	
	15.4	
	14.1	
	12.2	
	12.2	
	11.8	
	10.8	
	9.8	
	10.2	
	9.3	
	8.7	
	7.8	
	7	
	7.9	
	12.2	
	13.3	
	14.7	
	16.6	
	18.3	
	19.6	
	20.5	
	20.8	
	20.9	
	19.3	
	16.3	
	15.9	
	14.7	
	13.3	
	11.5	
	10.2	
	8.8	
	8.2	
	7.1	
	6.7	
	5.9	
	5.2	
	4.7	
	6.4	
	10.6	
	12.9	
	15.3	
	17.2	
	18.5	
	19.4	
	20.2	
	20.7	
	20.3	
	18.8	
	16.3	
	13.8	
	12.3	
	11.6	
	10.9	
	9.4	
	8.4	
	6.9	
	6.7	
	6	
	5.5	
	5.3	
	5.2	
	5.8	
	8.2	
	11.1	
	14	
	16.4	
	18.3	
	19.6	
	20.4	
	21.2	
	21.4	
	19.9	
	17.2	
	15.7	
	14.1	
	12.4	
	11.2	
	9.7	
	8.5	
	8.1	
	7.4	
	6.7	
	6.1	
	6.1	
	6.2	
	9.2	
	11.1	
	12.8	
	15.8	
	18.8	
	20.7	
	22.6	
	23.8	
	23.3	
	21.6	
	20.3	
	18.7	
	17.4	
	16.8	
	16.2	
	15.2	
	14.2	
	13.5	
	12.8	
	12.4	
	12.5	
	12.1	
	11.7	
	11.8	
	12.2	
	13.6	
	15.6	
	17.6	
	18.4	
	19.1	
	19.1	
	19.4	
	18.6	
	17.7	
	16.6	
	15.2	
	15	
	14.4	
	13.3	
	12.5	
	10.9	
	9.6	
	8.7	
	8.2	
	7.3	
	7.3	
	6.7	
	6.5	
	8.8	
	12.7	
	15.1	
	17.5	
	19.3	
	19.7	
	20.4	
	20.9	
	19.6	
	19.1	
	17.2	
	15.4	
	14.6	
	14	
	14	
	11.4	
	10.4	
	9.9	
	10.2	
	8.7	
	8.6	
	5.3	
	3.8	
	3.3	
	3.6	
	4.2	
	4.8	
	5.4	
	7.1	
	9.2	
	10.9	
	11.8	
	12.2	
	12.6	
	12.2	
	11.9	
	11.3	
	10.9	
	10.5	
	10.2	
	9.8	
	9.3	
	9.1	
	8.9	
	8.7	
	8.4	
	8.2	
	8.3	
	8.2	
	8.8	
	10	
	10.8	
	11.6	
	12.6	
	13.3	
	14.1	
	14.6	
	14.7	
	14.5	
	13.1	
	11.8	
	10.9	
	9.4	
	8.9	
	8.4	
	8.4	
	8.5	
	8.4	
	8.2	
	8	
	8.2	
	7.6	
	7.9	
	10.9	
	14.6	
	16	
	17.7	
	19.4	
	20.4	
	21.2	
	21.6	
	20.1	
	18.7	
	16.9	
	15.2	
	14	
	13.4	
	13.2	
	12.8	
	12.3	
	12.2	
	11.6	
	10.9	
	10.5	
	9.3	
	9.8	
	10.7	
	12.6	
	16.6	
	17.8	
	19.7	
	22.2	
	23.6	
	23.9	
	24.3	
	23.3	
	21.8	
	20.1	
	17.8	
	16	
	14.6	
	13.3	
	12.8	
	12.6	
	11.6	
	10.3	
	9.1	
	8.9	
	9.2	
	8.4	
	9.8	
	14.9	
	16.6	
	19.1	
	21	
	22.2	
	23.7	
	24.6	
	24.7	
	23.4	
	21.4	
	19.8	
	19.2	
	17.6	
	16.2	
	14.4	
	13.4	
	13.3	
	13.3	
	12.4	
	11.8	
	10.9	
	10.9	
	11.5	
	12.4	
	15.6	
	18.2	
	20.8	
	22.2	
	23.3	
	24.7	
	25.7	
	24.4	
	24.7	
	22.8	
	20.2	
	18.8	
	17.9	
	17.1	
	14.8	
	13.2	
	12.7	
	12.6	
	12.1	
	11.7	
	10.9	
	10.3	
	9.7	
	10.7	
	16	
	18.1	
	20.3	
	22.6	
	24.1	
	25.2	
	25.9	
	26	
	25.5	
	22.8	
	20.9	
	19.7	
	19.1	
	17.1	
	15.8	
	14.8	
	13.1	
	12.6	
	11.3	
	10.6	
	9.9	
	9.3	
	8.8	
	10.7	
	12.3	
	14.1	
	15.9	
	17.9	
	19.2	
	20.6	
	22.1	
	22.1	
	21.2	
	19.1	
	16.9	
	15.4	
	13.7	
	12.6	
	11.8	
	10.6	
	9.6	
	8.4	
	7.7	
	7.2	
	6.6	
	6.2	
	6	
	7.7	
	10.6	
	12.8	
	15.2	
	17.9	
	19.3	
	20.8	
	22	
	23.1	
	23.2	
	22.6	
	19.5	
	18	
	17.6	
	15.2	
	14.3	
	13.5	
	12.2	
	11.2	
	10.3	
	9.2	
	8.7	
	8.3	
	7.2	
	9.6	
	14.2	
	16.2	
	18.2	
	19.2	
	19.8	
	20.6	
	20.2	
	19.6	
	19	
	17.6	
	15.4	
	13.3	
	11.8	
	10.8	
	10.4	
	10.2	
	9.2	
	8.1	
	7.6	
	6.2	
	5.7	
	5.6	
	4.7	
	6.8	
	10	
	11.9	
	13.9	
	16.2	
	18.3	
	19.8	
	21.3	
	22.1	
	22.1	
	21.5	
	16.8	
	14.6	
	12.9	
	12.2	
	10.7	
	10	
	8.8	
	8.2	
	7.6	
	7.2	
	6.6	
	5.8	
	5.6	
	8.3	
	11.6	
	13.8	
	15.8	
	17.9	
	19.2	
	20	
	20.6	
	21.1	
	20.7	
	18.5	
	15.7	
	12.8	
	10.6	
	9.4	
	8.3	
	7.3	
	7.2	
	7.2	
	7	
	6.9	
	6.7	
	6.6	
	6.4	
	6.7	
	7.5	
	9.1	
	11.2	
	12.6	
	13.3	
	14.6	
	15.2	
	15.7	
	16	
	14.9	
	13.5	
	12.5	
	11.7	
	11.1	
	10.5	
	10.3	
	10.2	
	9.8	
	9.6	
	9.2	
	8.4	
	7.9	
	7.8	
	7.9	
	7.9	
	8.7	
	10.7	
	11.8	
	12.8	
	13.8	
	13.9	
	14.4	
	14.7	
	14	
	12.7	
	11.9	
	11.1	
	10.5	
	9.7	
	9.1	
	8.6	
	7.7	
	6.6	
	5.9	
	5.3	
	4.8	
	4.4	
	6	
	9	
	11.2	
	13.4	
	15.9	
	17.9	
	19.1	
	20.1	
	20.5	
	20.6	
	19.3	
	17.9	
	16.3	
	14.9	
	13.6	
	12.6	
	11.6	
	10	
	8.6	
	8.2	
	7.4	
	6.6	
	6	
	5.6	
	8.4	
	11.8	
	13.3	
	15.3	
	17.1	
	18.4	
	19.8	
	20.7	
	21.4	
	21.2	
	20	
	17.9	
	15.6	
	14	
	12.5	
	11.3	
	10.2	
	9.4	
	8.8	
	7.7	
	6.5	
	5.8	
	5.2	
	4.8	
	7.4	
	9.9	
	11.5	
	13.6	
	15.4	
	16.9	
	18.4	
	20.2	
	21.1	
	21.8	
	20.1	
	17.6	
	15.6	
	14	
	12.8	
	11.3	
	9.4	
	8.6	
	7.6	
	7.1	
	6.1	
	5.4	
	4.4	
	4.5	
	6.8	
	10.6	
	12.3	
	15.1	
	17.4	
	19.2	
	21.1	
	22.5	
	23.5	
	23.8	
	22.8	
	19.6	
	16.9	
	14.7	
	13.3	
	12.2	
	11.2	
	10.6	
	9.6	
	9.2	
	8.1	
	7.6	
	7.3	
	7.4	
	8.7	
	12.4	
	15.8	
	17.3	
	18.7	
	20.4	
	20.8	
	22.5	
	23.1	
	23.1	
	23.4	
	19.3	
	17.8	
	18.1	
	16.9	
	15.1	
	13.6	
	12.4	
	11.2	
	10.3	
	10.5	
	10.6	
	10	
	9.6	
	10.8	
	14.3	
	16.3	
	18.5	
	20.3	
	21.5	
	21.8	
	22.6	
	22.8	
	22.9	
	22.1	
	20.4	
	19.3	
	17.9	
	16.7	
	14.6	
	13.2	
	12.6	
	11.6	
	10.9	
	9.4	
	8.8	
	8	
	7.1	
	10.4	
	15.5	
	17.3	
	18.7	
	21.1	
	21.8	
	23.2	
	24.1	
	24.5	
	23.2	
	20.6	
	18.6	
	16.4	
	14.9	
	13.7	
	12.9	
	12.1	
	10.3	
	9	
	8.6	
	7.4	
	6.7	
	5.8	
	5.9	
	10.6	
	12.8	
	14.5	
	16.9	
	18.9	
	20.8	
	22.2	
	23.4	
	24.1	
	24.2	
	21.9	
	18.8	
	18.3	
	16.8	
	15.1	
	13.4	
	12.2	
	10.7	
	9.7	
	9.3	
	8.4	
	7.8	
	7.2	
	7.6	
	10.7	
	13.8	
	16.4	
	19.4	
	21.7	
	23.2	
	24.3	
	25	
	26.1	
	24.6	
	23.2	
	20.8	
	19.2	
	17.8	
	16.2	
	15.1	
	13.4	
	12.2	
	11.2	
	10.4	
	9.6	
	9.4	
	8.7	
	8.4	
	11.7	
	13.9	
	15.2	
	17.6	
	20.1	
	21.8	
	23.3	
	24.4	
	25.2	
	24.8	
	23.3	
	21.5	
	19.3	
	17.8	
	15.9	
	14.9	
	13.7	
	12.8	
	11.7	
	10.9	
	10.2	
	9.6	
	9	
	8.8	
	13	
	15.7	
	18.3	
	20.4	
	22.3	
	23.8	
	25.6	
	26.6	
	26.8	
	26.2	
	23.3	
	21.5	
	19.7	
	18.1	
	16.7	
	15.8	
	14.4	
	13.4	
	12.8	
	12.3	
	11.7	
	10.9	
	10.4	
	10.4	
	14.7	
	17.4	
	19.1	
	20.9	
	22.7	
	24.5	
	25.5	
	26	
	25.6	
	24.3	
	21.4	
	19.6	
	18.8	
	17.9	
	16.9	
	15.7	
	14.7	
	13.5	
	12.8	
	11.8	
	11.1	
	10.8	
	10.3	
	10.8	
	14.4	
	17.2	
	19.5	
	21.9	
	23.2	
	24.2	
	25.7	
	26	
	26.3	
	26	
	24.8	
	21.7	
	19.7	
	18.9	
	16.7	
	15.4	
	14.7	
	13.4	
	12.6	
	12.2	
	11.6	
	12.9	
	12.2	
	11.9	
	12.6	
	14.8	
	16.8	
	19.1	
	21.3	
	23.6	
	24.6	
	24.4	
	23.8	
	23.2	
	21.9	
	20	
	19.4	
	19.1	
	17.6	
	16.1	
	14.8	
	14.1	
	12.6	
	12	
	11.5	
	10.8	
	10.3	
	10.4	
	13.2	
	14.6	
	16.8	
	19.1	
	20.9	
	22.7	
	24.1	
	23.7	
	24.3	
	22.9	
	21.3	
	20.3	
	18	
	17.6	
	17	
	15.7	
	14.8	
	14.1	
	13.5	
	12.6	
	12.1	
	11.6	
	11.2	
	11.7	
	14.4	
	16.7	
	18.2	
	19.5	
	21.5	
	22	
	22.6	
	23	
	23.7	
	22.9	
	21.3	
	19.1	
	17.8	
	16.7	
	16	
	15.9	
	14.8	
	13.8	
	12.9	
	12.6	
	12.6	
	12.4	
	11.3	
	10.7	
	11.2	
	13.1	
	14.3	
	15.6	
	17.5	
	18.8	
	18.9	
	19.1	
	19.2	
	18.3	
	16.4	
	15.3	
	15.4	
	14.7	
	13.1	
	13	
	12.9	
	12.8	
	12.3	
	12.4	
	12.5	
	12.3	
	12.2	
	12.3	
	12.8	
	15.1	
	17	
	19.1	
	20.2	
	21.2	
	21.9	
	22.4	
	21.4	
	22.3	
	20.9	
	19.7	
	18.8	
	17.9	
	16.9	
	16.3	
	15	
	14.1	
	13.3	
	12.7	
	11.9	
	10.9	
	10.6	
	10.7	
	14.1	
	16.1	
	18.1	
	19.3	
	21.4	
	21.1	
	21.3	
	22.4	
	20.5	
	19.9	
	18	
	17.8	
	17.8	
	15.9	
	15.8	
	15.5	
	14.1	
	13.6	
	14.2	
	13.6	
	12.6	
	12.2	
	11.7	
	11.7	
	13.2	
	14.9	
	16.8	
	18.3	
	19.2	
	20.7	
	20.6	
	19.6	
	20.7	
	19.8	
	18.4	
	17.8	
	16.2	
	15.5	
	15.4	
	15	
	14.7	
	14.2	
	13.9	
	13.4	
	13.3	
	12.9	
	11.9	
	11.1	
	10.6	
	10.8	
	11.1	
	12.1	
	12.8	
	12.1	
	11.7	
	12.3	
	12.9	
	13.4	
	13.3	
	12.7	
	12.4	
	11.9	
	12	
	11.9	
	11.6	
	11.6	
	11.3	
	10.8	
	10.8	
	10.1	
	10.2	
	10.4	
	12.1	
	13.6	
	15.7	
	17.7	
	17.8	
	17.8	
	17.8	
	18.6	
	18.4	
	18.2	
	18	
	14.5	
	12.7	
	12.9	
	13.3	
	14	
	12.8	
	12.5	
	13.1	
	12.2	
	11.7	
	11.2	
	10.3	
	10.7	
	12.3	
	14.4	
	14.9	
	15.5	
	16.8	
	16.8	
	17	
	16.7	
	15.9	
	15.3	
	14.2	
	13.7	
	13.3	
	12.7	
	11.8	
	11.2	
	11.7	
	11.4	
	10.7	
	10.6	
	10.4	
	9.1	
	7.9	
	8.4	
	12.4	
	14.2	
	16.1	
	17.9	
	19.2	
	20.9	
	22.1	
	22.8	
	23.4	
	23.1	
	21.6	
	19.6	
	18.1	
	16.9	
	15.4	
	14.3	
	13.2	
	12.2	
	11.6	
	10.6	
	9.6	
	8.7	
	7.8	
	8.3	
	13.3	
	15.8	
	17.6	
	19.1	
	20.9	
	22.3	
	23.2	
	24.1	
	24	
	22.6	
	20.2	
	18.4	
	17.6	
	17.5	
	16.1	
	15.4	
	14.4	
	14.2	
	12.7	
	11.8	
	11.4	
	10.8	
	10.4	
	10.7	
	15.3	
	17.1	
	19	
	20.4	
	20.8	
	20.3	
	21.2	
	21.8	
	21.1	
	20.3	
	18.8	
	17.6	
	17.1	
	16.7	
	16.1	
	15.9	
	14.7	
	13.3	
	12.6	
	11.1	
	13.2	
	13.4	
	13.4	
	13.7	
	15.2	
	16.6	
	17.7	
	18.2	
	19.9	
	19.8	
	20.9	
	18.9	
	18.3	
	17.4	
	16.2	
	13.8	
	13.8	
	13.9	
	12.8	
	13	
	13.2	
	12.6	
	12.1	
	12.6	
	11.6	
	12.8	
	12.2	
	11.5	
	13.3	
	12.8	
	12.9	
	11.7	
	10.2	
	11.1	
	14.6	
	16.1	
	11.8	
	12.3	
	11.9	
	11.8	
	12.4	
	8.2	
	8.6	
	10	
	10.2	
	10.1	
	10	
	9.6	
	9.6	
	9.2	
	9	
	9.3	
	9.9	
	10.8	
	11.1	
	8.8	
	9.7	
	11.9	
	14.1	
	14.8	
	14.7	
	14.2	
	12.6	
	11.6	
	11.1	
	11.2	
	10.4	
	9.6	
	9	
	8	
	6.4	
	5.3	
	4.5	
	3.6	
	3.1	
	4.4	
	9.8	
	12.6	
	14.3	
	15.3	
	15.8	
	16	
	16.2	
	17.2	
	16.8	
	16.1	
	14.8	
	13.5	
	13	
	12.3	
	11.2	
	11.2	
	9.3	
	8.1	
	7.3	
	6.9	
	5.7	
	4.8	
	4.6	
	5.6	
	11.8	
	13.2	
	14.8	
	16.7	
	18.2	
	20.1	
	21.8	
	23.3	
	24.2	
	22.8	
	21.1	
	18.6	
	16.9	
	15.8	
	14.3	
	12.3	
	11.6	
	10	
	9	
	8.3	
	8	
	7.2	
	7.3	
	7.8	
	12.4	
	15.2	
	18.2	
	20.3	
	22.2	
	23.8	
	25	
	26	
	27.1	
	26.3	
	24.1	
	21.8	
	19.6	
	17.8	
	15.9	
	14.8	
	13.9	
	13	
	12	
	11	
	10.4	
	9.8	
	8.8	
	10.1	
	15.2	
	16.9	
	19.9	
	21.8	
	23.2	
	24.7	
	25.6	
	26.6	
	26.9	
	25.8	
	24.2	
	21.9	
	20.7	
	20	
	18.3	
	16.7	
	15.6	
	14.5	
	13.7	
	13.2	
	12.2	
	11.4	
	10.9	
	12.2	
	16.8	
	19.1	
	21.2	
	23.1	
	24.6	
	26.2	
	27.3	
	26.6	
	27.3	
	25.8	
	24.3	
	22.3	
	20.8	
	19.6	
	18.3	
	17.7	
	16.6	
	16.1	
	15.2	
	14.7	
	13.7	
	13.6	
	13.8	
	13.4	
	15.5	
	18.6	
	20.7	
	22.5	
	23.5	
	24.4	
	25.4	
	25.5	
	25.2	
	24.1	
	23.2	
	22.1	
	21.1	
	20	
	19.3	
	18.5	
	17.3	
	16.2	
	15.6	
	14.9	
	14.5	
	13.9	
	13.7	
	13.9	
	16.2	
	18.2	
	20.2	
	21.6	
	22.7	
	23.4	
	24	
	24.7	
	24.8	
	23.4	
	22	
	21.1	
	20.4	
	19.8	
	19	
	18	
	16.7	
	15.1	
	14.4	
	13.3	
	12.8	
	12.7	
	12.1	
	13.1	
	16.7	
	18.6	
	20	
	21.9	
	24.1	
	24.5	
	24.1	
	24.2	
	22.3	
	22.3	
	21.3	
	19.3	
	18.1	
	17.2	
	16.2	
	15.1	
	15.8	
	15.2	
	16.1	
	14.5	
	13	
	11.8	
	11.5	
	11.8	
	16	
	18.3	
	20.3	
	21.9	
	22.5	
	22.8	
	23	
	22.7	
	22.2	
	21.1	
	19.9	
	19.1	
	18.7	
	18.3	
	17.1	
	17.6	
	16.9	
	14.7	
	13.7	
	13.3	
	12.8	
	12.3	
	11.6	
	12.1	
	12.6	
	13.4	
	15.1	
	16.2	
	18.6	
	20.1	
	20.4	
	18.2	
	16.7	
	15.7	
	14.3	
	12.9	
	12.3	
	11.7	
	11.3	
	11	
	11.1	
	11	
	10.4	
	10.3	
	10.3	
	10.2	
	10.2	
	10.5	
	10.9	
	11.9	
	13.2	
	14.6	
	15.5	
	15.3	
	16.9	
	17.2	
	17.6	
	17.9	
	17.5	
	16.4	
	15.6	
	15.2	
	14.7	
	13.8	
	13.5	
	12.7	
	12.1	
	11.6	
	11.4	
	11.3	
	11	
	11.3	
	12.4	
	13.8	
	15.7	
	17.6	
	19.6	
	19.9	
	21.6	
	21.6	
	23	
	22.2	
	21	
	19.1	
	17.7	
	17.1	
	16.9	
	15.6	
	13.8	
	12.8	
	11.9	
	11.3	
	10.6	
	10	
	9.6	
	10.7	
	14.9	
	17.3	
	19.3	
	21.4	
	22.5	
	23.6	
	22.8	
	21.3	
	18.9	
	21.4	
	19.8	
	19.3	
	18.1	
	16.9	
	16.8	
	16.7	
	15.7	
	15.1	
	14.4	
	13.5	
	12.5	
	11.8	
	11.2	
	12.1	
	17.2	
	18.9	
	20.6	
	22.7	
	23.9	
	24.7	
	24.8	
	25.8	
	25	
	24.7	
	23.6	
	21.7	
	19.7	
	18.7	
	18.2	
	17.6	
	16.9	
	15.8	
	14.1	
	12.9	
	11.8	
	11.2	
	10.3	
	11.7	
	17.1	
	18.7	
	21.1	
	24.2	
	24.6	
	25.1	
	24.9	
	25	
	24.9	
	24	
	22.8	
	20.9	
	19.8	
	19.1	
	17.6	
	16.6	
	16.1	
	15.9	
	15.4	
	16.3	
	17.4	
	16.1	
	15.4	
	15.1	
	15.9	
	17.6	
	18.8	
	20.3	
	22.9	
	24.3	
	24.7	
	25.7	
	24.4	
	24.3	
	22.4	
	21.1	
	19.8	
	19	
	18.4	
	17.4	
	15.9	
	15.2	
	14	
	13.4	
	13.2	
	13.1	
	12.7	
	14.4	
	18.3	
	20.3	
	22.9	
	25.7	
	27.1	
	26.6	
	27.7	
	27.8	
	26.7	
	25.8	
	24.9	
	23.2	
	22.3	
	21.6	
	20.7	
	19.3	
	17.9	
	17.1	
	16.2	
	15.8	
	15.5	
	15.4	
	15.2	
	15.5	
	17.3	
	19.3	
	21.7	
	24.1	
	25.8	
	25.4	
	25.3	
	25.4	
	26.1	
	25.1	
	23.7	
	21.7	
	20.6	
	19.9	
	19.3	
	17.9	
	15.6	
	14.4	
	14.1	
	12.8	
	12.8	
	12.2	
	11.4	
	14.2	
	17.8	
	20.2	
	22.1	
	24.7	
	25.5	
	26.2	
	26.9	
	26.9	
	26.4	
	25.6	
	23.7	
	22.5	
	21.1	
	19.9	
	19.8	
	18.3	
	16.8	
	15.8	
	15.1	
	14.3	
	13.4	
	13.2	
	12.2	
	13.7	
	17.2	
	19.4	
	22.6	
	24.8	
	25.8	
	27.1	
	28	
	28	
	27.4	
	26.4	
	24.5	
	22.9	
	21	
	19.8	
	18.3	
	17.6	
	17.3	
	15.8	
	15	
	14.6	
	13.7	
	12.7	
	12.2	
	14.7	
	19.3	
	20.7	
	22.8	
	24.8	
	26.3	
	27.3	
	28.4	
	28.2	
	27.7	
	26.2	
	24.6	
	22.8	
	21.7	
	20.4	
	20.1	
	18.4	
	16.7	
	16.1	
	15.2	
	14.1	
	13.7	
	13	
	12.6	
	14.9	
	19.2	
	20.7	
	22.7	
	24.5	
	25.5	
	26.7	
	27.4	
	27.3	
	27.2	
	26.3	
	24.4	
	22.4	
	21.2	
	20.1	
	19.4	
	17.6	
	16.1	
	15.6	
	14.5	
	13.6	
	13.1	
	11.9	
	12.1	
	14.3	
	18.4	
	20.2	
	21.9	
	23.6	
	25.7	
	27.3	
	28.1	
	27.7	
	27.6	
	26.2	
	25.1	
	23.2	
	21.5	
	19.5	
	18.9	
	17.1	
	15.5	
	14	
	12.1	
	11.6	
	11.2	
	10.6	
	10.2	
	11.4	
	12.4	
	15.1	
	17.1	
	19.6	
	23	
	25.8	
	26.4	
	27.1	
	25.7	
	24.7	
	23.5	
	22.5	
	21.6	
	20.9	
	19.4	
	17.6	
	16.5	
	15.7	
	14.6	
	13.3	
	13	
	12.3	
	11.8	
	12.9	
	15.9	
	17.8	
	---	
	21	
	21.1	
	21.2	
	21.2	
	21.4	
	21.5	
	21.6	
	21.5	
	21.5	
	21.4	
	21.4	
	21.5	
	21.6	
	21.7	
	21.9	
	22	
	22.1	
	22.2	
	22.3	
	22.4	
	22.5	
	22.7	
	22.8	
	22.9	
	23.1	
	23.2	
	23.4	
	23.6	
	23.6	
	23.5	
	23.5	
	23.5	
	23.6	
	23.7	
	23.8	
	23.9	
	23.8	
	23.8	
	23.8	
	23.7	
	23.7	
	23.8	
	23.8	
	23.7	
	23.7	
	23.7	
	23.8	
	23.8	
	23.8	
	23.8	
	23.9	
	23.9	
	24.1	
	24.1	
	24.2	
	24.3	
	25.3	
	26.4	
	27.9	
	27.2	
	27.3	
	25.9	
	24.5	
	23.8	
	22.4	
	21.2	
	19.4	
	18.3	
	17.2	
	15.9	
	14.6	
	13.8	
	13	
	12.6	
	12.7	
	16.3	
	18.5	
	20.2	
	22.4	
	23.9	
	25.3	
	26.3	
	27.3	
	27.9	
	28.2	
	27.5	
	25.8	
	23.9	
	22	
	20.6	
	19.6	
	18.1	
	17.2	
	16.4	
	15.1	
	14.6	
	14.1	
	13.9	
	13.9	
	17.6	
	19.7	
	21.1	
	23.3	
	24.8	
	25.7	
	27.1	
	28.2	
	28.4	
	28.3	
	26.9	
	25.9	
	23.9	
	22.3	
	21.3	
	20.1	
	18.7	
	17.6	
	16.5	
	15.8	
	14.6	
	13.7	
	13.4	
	13.1	
	15.6	
	17.8	
	19.7	
	21.7	
	24.4	
	25.8	
	27.1	
	28.1	
	28.6	
	28.2	
	26.6	
	24.5	
	24.1	
	23.1	
	21.6	
	20.6	
	19	
	17.6	
	17	
	16	
	15.3	
	14.7	
	13.9	
	14.1	
	17.2	
	19.5	
	22.1	
	24.2	
	25.9	
	26.9	
	27.6	
	26.6	
	27.1	
	24.6	
	23.6	
	22.1	
	20.4	
	19.4	
	18.6	
	17.8	
	17.2	
	16.9	
	15.8	
	16.1	
	14.8	
	14	
	13.2	
	13.4	
	16.6	
	19.2	
	21.1	
	23.3	
	25.3	
	26.1	
	26.8	
	27.1	
	25.5	
	23.4	
	23.4	
	22.3	
	20.7	
	19.6	
	19.1	
	18.8	
	17.8	
	16.9	
	16.9	
	17.3	
	16.6	
	15.7	
	14.9	
	14.3	
	17	
	20.2	
	22.8	
	23.9	
	25.4	
	26.2	
	26.2	
	25.7	
	26.1	
	25.2	
	24.3	
	23.5	
	21.9	
	20.3	
	19.6	
	18.1	
	17.1	
	16.4	
	15.6	
	15.1	
	13.9	
	13.2	
	13.1	
	13.2	
	17.7	
	19.5	
	21.6	
	23.9	
	25.6	
	27.1	
	27.6	
	28.2	
	28.1	
	27.4	
	26	
	24.8	
	23.1	
	22.7	
	21.4	
	20.2	
	18.7	
	18.4	
	17.9	
	16.6	
	15.3	
	15.5	
	15.2	
	15.2	
	18.7	
	20.4	
	22.6	
	23.6	
	25.2	
	26.4	
	27.8	
	28.3	
	28	
	27.9	
	26.7	
	24.7	
	23.6	
	23	
	20.8	
	20.1	
	18.9	
	18.2	
	17.3	
	16	
	15.6	
	14.8	
	14.5	
	14.9	
	18.6	
	21.2	
	23.4	
	25.2	
	26.3	
	27.6	
	28.2	
	26.9	
	27.2	
	27.6	
	26.8	
	25	
	23.7	
	22.4	
	21.3	
	20.5	
	19.6	
	17.7	
	16.4	
	15.5	
	14.3	
	14.1	
	13.8	
	14.2	
	17	
	19.6	
	21.7	
	24	
	25.6	
	26.7	
	27.5	
	28	
	27.1	
	26.6	
	25.8	
	24.6	
	23.4	
	22.6	
	21.5	
	20.7	
	18.9	
	18.2	
	16.8	
	15.8	
	14.9	
	13.4	
	13.7	
	14.6	
	19.1	
	21	
	22.6	
	24.6	
	26.1	
	26.6	
	27.4	
	27.7	
	26.2	
	27.2	
	26.3	
	23.9	
	23.2	
	22.4	
	21.9	
	21.1	
	19.9	
	19.2	
	18.4	
	16.7	
	15.8	
	14.8	
	14.1	
	14.2	
	17.8	
	20.4	
	23.1	
	24.4	
	26.2	
	26.8	
	26.5	
	26.9	
	25.9	
	24.7	
	24.3	
	23	
	21.8	
	21.3	
	20	
	18.9	
	18.8	
	18.1	
	17.3	
	16.9	
	16.8	
	16.2	
	16.4	
	15.3	
	18.7	
	21.4	
	22.7	
	23.7	
	24.6	
	25.7	
	25.9	
	25.7	
	24.8	
	23.5	
	23.3	
	22.6	
	21.8	
	21.4	
	20.8	
	19.9	
	18.2	
	18	
	17.7	
	17.1	
	16.4	
	16.1	
	15.9	
	16.2	
	18	
	19.2	
	20.2	
	21.8	
	23.9	
	25.8	
	26.8	
	25.6	
	22.4	
	20.9	
	19.7	
	18.8	
	15.7	
	14.2	
	14.5	
	14.2	
	13.9	
	13.7	
	13.5	
	13.3	
	12.8	
	12.3	
	12.2	
	12.9	
	16.3	
	18.8	
	20.5	
	22	
	23.1	
	22.3	
	21	
	21.4	
	22.9	
	22.1	
	21.1	
	16.6	
	14.9	
	15.3	
	15	
	14.4	
	14.2	
	13.5	
	13.1	
	12.6	
	12.8	
	12.3	
	12.6	
	13.3	
	14	
	15.2	
	16.4	
	18.5	
	19.6	
	18.8	
	17.7	
	20.1	
	19.8	
	20.7	
	19.3	
	16	
	14.4	
	13.3	
	12.3	
	11.8	
	11.7	
	11.8	
	11.8	
	11.8	
	11.4	
	11.8	
	12.2	
	12.4	
	12.7	
	14	
	15.6	
	18.6	
	20.2	
	20.4	
	21.8	
	21.6	
	21.7	
	21.2	
	17.8	
	14.2	
	13.9	
	13.7	
	12.8	
	12.8	
	13.4	
	13.6	
	13.6	
	12	
	11.9	
	11.2	
	11.3	
	11.3	
	11.1	
	12.1	
	14.4	
	16.4	
	18.2	
	19.4	
	19.1	
	16.1	
	17.8	
	17.2	
	17.2	
	16.9	
	16.3	
	15.4	
	15.1	
	14.8	
	14.2	
	13.7	
	13.1	
	12.8	
	12.9	
	12.9	
	12.7	
	12.9	
	14.1	
	15.8	
	16.4	
	17.4	
	18.2	
	19.3	
	19.1	
	19.8	
	20.3	
	17.2	
	16.1	
	16.6	
	16.1	
	15.6	
	14.8	
	13.6	
	12.7	
	12.1	
	11.3	
	11.2	
	10.8	
	10.9	
	10.4	
	10.8	
	14.9	
	17.8	
	19.2	
	20.5	
	22	
	23.6	
	23.9	
	23.9	
	24.3	
	23.9	
	22.9	
	21.2	
	19.4	
	17.6	
	16.7	
	16.2	
	15.8	
	15.3	
	14.1	
	12.7	
	11.7	
	11.5	
	11.4	
	11.9	
	13.7	
	15.7	
	18.3	
	20	
	21.9	
	22.8	
	24	
	24.2	
	24.1	
	24.9	
	24.2	
	21.8	
	19.7	
	19.4	
	18.4	
	16.9	
	15.6	
	14.6	
	13.4	
	12.8	
	12.4	
	12.2	
	12.2	
	13.7	
	17.3	
	19.8	
	21.9	
	23.2	
	25.2	
	24.7	
	25.2	
	25.6	
	23.9	
	22.9	
	22.7	
	21.2	
	19.7	
	18.4	
	17.6	
	16.1	
	14.8	
	14.2	
	13.7	
	13.3	
	12.3	
	11.8	
	11.2	
	13.3	
	17.3	
	19.6	
	22.2	
	24.9	
	26.7	
	27.3	
	27.9	
	26.5	
	25.8	
	25.6	
	24.7	
	22.9	
	21.4	
	20.8	
	19	
	17.4	
	16.1	
	14.8	
	14.3	
	14.4	
	14.4	
	13.4	
	12.3	
	15	
	19.1	
	20.9	
	23.7	
	25.7	
	26.8	
	28.2	
	28.6	
	28.6	
	28.5	
	25.7	
	24.4	
	23	
	21.7	
	20.8	
	19.5	
	18.8	
	17.9	
	16.3	
	15.9	
	14.9	
	14.1	
	13.8	
	13.1	
	15.8	
	19.1	
	21.5	
	24.3	
	26.3	
	27.8	
	28.9	
	28.8	
	28.1	
	25.9	
	25.9	
	24.8	
	23.4	
	21.9	
	21.2	
	19.4	
	17.9	
	16.7	
	15.7	
	14.2	
	14.2	
	13.7	
	13.4	
	13.4	
	14.4	
	17.8	
	19.8	
	21.4	
	23.4	
	25.4	
	26.1	
	26.4	
	27.6	
	27.1	
	25.7	
	24.8	
	23.1	
	21	
	20.2	
	17.5	
	16.2	
	14.9	
	14.1	
	13.2	
	12.6	
	11.8	
	11.7	
	11	
	12.6	
	19.2	
	21.2	
	23.4	
	25.1	
	27	
	28.2	
	29.4	
	29.6	
	29.5	
	28.7	
	27.4	
	25.1	
	22.7	
	21.3	
	20.1	
	19.2	
	19.1	
	17.9	
	16.7	
	15.1	
	14.3	
	13.4	
	13	
	15.8	
	19.7	
	22.3	
	24.7	
	26.2	
	27.7	
	29.1	
	29.8	
	30.6	
	28.9	
	28.7	
	28.8	
	26.8	
	24.8	
	21.9	
	20.2	
	19.2	
	18.4	
	17.8	
	17.3	
	16.8	
	16.2	
	15.4	
	15	
	16.2	
	18.4	
	20.1	
	22.7	
	24.7	
	27	
	27.2	
	27.9	
	26	
	25.4	
	26.3	
	25.3	
	24.3	
	23.4	
	22.7	
	21.5	
	20.2	
	19.6	
	18.2	
	17.1	
	16.4	
	15.8	
	15	
	15.2	
	16.6	
	20.2	
	22.1	
	23.7	
	25.2	
	26.4	
	28	
	28.6	
	28.3	
	28.7	
	27.4	
	23.9	
	23.4	
	19.1	
	20.1	
	19.5	
	18.3	
	17.6	
	17.2	
	16.7	
	16.1	
	15.7	
	15.3	
	14.8	
	15.9	
	18.7	
	20.2	
	21.7	
	23.5	
	25.2	
	25.9	
	27.1	
	27.6	
	27.2	
	26.8	
	25.9	
	25	
	23.2	
	22.1	
	21.3	
	19.8	
	18.3	
	17.3	
	16.5	
	15.8	
	15.9	
	14.8	
	14.1	
	16.1	
	18.4	
	20.4	
	22.2	
	23.8	
	25.1	
	26.3	
	27.7	
	27.7	
	28.2	
	26.9	
	25.7	
	24.2	
	23.3	
	22.3	
	21.9	
	21	
	19.2	
	18.2	
	18.1	
	17.2	
	15.7	
	15.1	
	14	
	17.1	
	20.1	
	21.8	
	24.1	
	25.4	
	26.6	
	27.7	
	28.5	
	29.4	
	28.8	
	28.3	
	27.1	
	25.4	
	24.2	
	22.9	
	21.7	
	20.4	
	19.7	
	19.9	
	19.6	
	19.1	
	18.4	
	18.1	
	16.9	
	17.8	
	20.7	
	22.3	
	24.2	
	25.8	
	27.4	
	28.5	
	29.2	
	27.2	
	27.5	
	23.4	
	20.1	
	18.5	
	16.2	
	15.8	
	15.7	
	16.2	
	15.9	
	15.2	
	15	
	14.8	
	14.3	
	13.9	
	13.8	
	15.6	
	19.1	
	20.8	
	22.7	
	23.9	
	25.3	
	26.9	
	27.3	
	26.1	
	23.5	
	24.6	
	24.6	
	22.7	
	19	
	18.1	
	17.3	
	17.1	
	16.9	
	17.3	
	16.9	
	15.9	
	14.9	
	14.8	
	14.2	
	16.2	
	18.8	
	20.9	
	22.7	
	24.4	
	25.9	
	27.1	
	26.9	
	27.2	
	25.2	
	26.1	
	23.4	
	21.5	
	17.7	
	16.8	
	16.9	
	16.7	
	16.2	
	15.6	
	15.7	
	15.2	
	14.7	
	14.4	
	13.9	
	15.7	
	18.1	
	19.9	
	21.6	
	23.4	
	24.7	
	25.2	
	26.2	
	24.5	
	21.3	
	19.2	
	17.4	
	15.5	
	15.3	
	15.1	
	15.1	
	15.2	
	15.3	
	15.2	
	15.2	
	14.8	
	14.7	
	14.3	
	13.8	
	15	
	17.2	
	19.1	
	20.1	
	22.4	
	24.2	
	24.8	
	25.2	
	23.9	
	24	
	23	
	19.8	
	19.6	
	14.6	
	13.9	
	14.3	
	14.2	
	14.4	
	13.9	
	13.7	
	13.4	
	13.1	
	12.8	
	12.7	
	14.3	
	16.9	
	18.9	
	20.3	
	20.7	
	22.1	
	23.1	
	24.3	
	25.1	
	23.7	
	23.2	
	22	
	20.5	
	18.8	
	17.8	
	16.9	
	16.6	
	16.4	
	15.9	
	15.7	
	15.5	
	15.4	
	15.1	
	14.6	
	15.1	
	15.6	
	16	
	17.4	
	18.9	
	20.7	
	22.1	
	23	
	24.4	
	23.9	
	24.2	
	22.8	
	21.9	
	21.4	
	20.6	
	19.3	
	16	
	16.3	
	16	
	16.2	
	16.4	
	16.3	
	16	
	15.9	
	16.4	
	16.9	
	16.8	
	18.3	
	20.6	
	21.3	
	17.3	
	14.6	
	14.2	
	15.6	
	16.7	
	16.1	
	16.2	
	16.1	
	16.4	
	15.8	
	15.7	
	15.4	
	15.3	
	15.3	
	15.6	
	15.2	
	15.1	
	15.1	
	15.6	
	17.4	
	18.7	
	19.9	
	20.9	
	21.4	
	22.2	
	22.7	
	23.1	
	22.7	
	23.3	
	22.2	
	20.8	
	19.4	
	18.8	
	17.3	
	17.3	
	16.4	
	15.3	
	14.4	
	13.8	
	13.3	
	12.8	
	12.4	
	14.9	
	18.6	
	20.8	
	22.4	
	23.4	
	24.3	
	24.5	
	23.8	
	23.8	
	23.8	
	16	
	14.4	
	14.7	
	14.6	
	14.4	
	14	
	13.7	
	13.4	
	13.3	
	12.8	
	12.7	
	12.6	
	13	
	12.6	
	15.1	
	18.2	
	19.9	
	21.8	
	23.8	
	24.6	
	21.6	
	20.4	
	21.5	
	22.6	
	23.8	
	23.1	
	21.3	
	18.9	
	17.6	
	18.6	
	17.9	
	17	
	15.8	
	14.6	
	14	
	13.4	
	13.1	
	12.9	
	15.1	
	18.8	
	20.6	
	22.2	
	23.8	
	24.9	
	25.1	
	25.2	
	25.4	
	26	
	26.4	
	25.1	
	23.2	
	22.1	
	21.2	
	19.4	
	18.2	
	18.2	
	16.7	
	15.5	
	14.8	
	14.3	
	13.8	
	14.1	
	16.9	
	20.7	
	22.3	
	23.4	
	24.8	
	25.8	
	26.8	
	28.1	
	28.1	
	28.2	
	27.6	
	25.9	
	24.8	
	23.7	
	21.2	
	20.6	
	19.6	
	19.4	
	19.4	
	19.3	
	19.4	
	19.7	
	18.9	
	18.6	
	18.8	
	19.7	
	21.2	
	23.2	
	23.8	
	25	
	26.2	
	27	
	28.4	
	28.9	
	25.1	
	19.2	
	18.1	
	18.2	
	19.1	
	19	
	17.7	
	17.4	
	17.9	
	17.8	
	17.2	
	15.7	
	15.5	
	14.5	
	16.8	
	19.6	
	20.9	
	23.1	
	24.7	
	25.9	
	27.1	
	27.9	
	28.1	
	28.5	
	28	
	26.8	
	24.8	
	23	
	22.5	
	21.8	
	20.1	
	19	
	17.9	
	17.7	
	17.4	
	17.1	
	17.2	
	17.1	
	18.8	
	19.6	
	22.1	
	23.4	
	24.8	
	26.4	
	27.6	
	28	
	26.4	
	23.4	
	23.4	
	21.7	
	16.8	
	16.9	
	17.5	
	17.3	
	16.8	
	16.4	
	16.1	
	15.4	
	14.6	
	14	
	13.9	
	13.8	
	15.9	
	18.8	
	21.8	
	23.3	
	25	
	26.3	
	27.1	
	27.2	
	28.6	
	27.8	
	25.8	
	24.1	
	22.1	
	20.9	
	19	
	18.6	
	19.1	
	18.9	
	17.8	
	16.6	
	16.3	
	15.9	
	14.8	
	14.7	
	17.2	
	20.3	
	21.8	
	24.4	
	26.3	
	27.6	
	28.6	
	29.3	
	29.7	
	29.9	
	29.6	
	27.1	
	22.6	
	22.7	
	20.1	
	20.2	
	19.2	
	19.3	
	19.1	
	18.7	
	19.1	
	18.4	
	18.6	
	17	
	18.2	
	20.3	
	22.1	
	23.1	
	24.2	
	25.5	
	26.4	
	26.1	
	22.3	
	18.9	
	17	
	17.2	
	16	
	16.1	
	16	
	15.6	
	15.5	
	14.9	
	14.2	
	13.8	
	13.4	
	14.1	
	13.7	
	13.3	
	15.1	
	18.4	
	20.8	
	22.4	
	24.4	
	25.7	
	26.6	
	27.1	
	23.8	
	23.3	
	22.3	
	18.6	
	18.6	
	19.2	
	18.3	
	16.8	
	16.7	
	16.5	
	16	
	15.4	
	15.8	
	15.3	
	14.7	
	15.2	
	15.6	
	17.5	
	21.2	
	22.7	
	24.4	
	25.4	
	26.2	
	26.6	
	26.6	
	26.1	
	24.7	
	24.2	
	20.4	
	19.2	
	18.6	
	18.7	
	18.7	
	15.8	
	14.4	
	14.8	
	15.1	
	14.8	
	14.7	
	14.9	
	15.7	
	17.6	
	20	
	21.8	
	22.7	
	24.6	
	25.1	
	26.2	
	25.9	
	26.9	
	22.6	
	19.4	
	15.7	
	16.6	
	16.7	
	16.9	
	17	
	16.8	
	16.8	
	16.3	
	15.3	
	14.9	
	14.6	
	14.2	
	15.4	
	17.9	
	20.5	
	21.8	
	23.2	
	24	
	25.8	
	26.4	
	26.3	
	26	
	18.5	
	19.1	
	18.5	
	17.3	
	17.5	
	16.9	
	16.5	
	15.3	
	14.9	
	15.1	
	14	
	13.3	
	13.1	
	13.1	
	15.3	
	18.4	
	20.1	
	21.4	
	22.6	
	24	
	25.6	
	25.1	
	26.7	
	25.5	
	24.4	
	23.2	
	21.1	
	17.9	
	16.1	
	15.2	
	16.1	